50,0,0,9,0,0,9,0,0,9,0,0,9,0,0,9,0,0,9,0,0,9,0,0,9,0,0,9,0,0,9,0,0,9,0,0,9,0,0,9,0,0,9,0,0,9,0,0,9,0,0,9,0,0,9,0,0,9,0,0,9,0,0,9,0,0,9,0,0,9,0,0,9,0,0,9,0,0,9,0,0,9,0,0,9,0,0,9,0,0,9,0,0,9,0,0,9,0,0,9,0,0,9,0,0,9,0,0,9,0,0,9,0,0,9,0,0,9,0,0,9,0,0,9,0,0,9,0,0,9,0,0,9,0,0,9,0,0,9,0,0,9,0,0,9,0,0,9,0,0,9,0
51,0,0,9,0,0,9,0,0,9,0,0,9,0,0,9,0,0,9,0,0,9,0,0,9,0,0,9,0,0,9,0,0,9,0,0,9,0,0,9,0,0,9,0,0,9,0,0,9,0,0,9,0,0,9,0,0,9,0,0,9,0,0,9,0,0,9,0,0,9,0,0,9,0,0,9,0,0,9,0,0,9,0,0,9,0,0,9,0,0,9,0,0,9,0,0,9,0,0,9,0,0,9,0,0,9,0,0,9,0,0,9,0,0,9,0,0,9,0,0,9,0,0,9,0,0,9,0,0,9,0,0,9,0,0,9,0,0,9,0,0,9,0,0,9,0,0,9,0,0,9,0
52,0,0,9,0,0,9,0,0,9,0,0,9,0,0,9,0,0,9,0,0,9,0,0,9,0,0,9,0,0,9,0,0,9,0,0,9,0,0,9,0,0,9,0,0,9,0,0,9,0,0,9,0,0,9,0,0,9,0,0,9,0,0,9,0,0,9,0,0,9,0,0,9,0,0,9,0,0,9,0,0,9,0,0,9,0,0,9,0,0,9,0,0,9,0,0,9,0,0,9,0,0,9,0,0,9,0,0,9,0,0,9,0,0,9,0,0,9,0,0,9,0,0,9,0,0,9,0,0,9,0,0,9,0,0,9,0,0,9,0,0,9,0,0,9,0,0,9,0,0,9,0
53,0,0,9,0,0,9,0,0,9,0,0,9,0,0,9,0,0,9,0,0,9,0,0,9,0,0,9,0,0,9,0,0,9,0,0,9,0,0,9,0,0,9,0,0,9,0,0,9,0,0,9,0,0,9,0,0,9,0,0,9,0,0,9,0,0,9,0,0,9,0,0,9,0,0,9,0,0,9,0,0,9,0,0,9,0,0,9,0,0,9,0,0,9,0,0,9,0,0,9,0,0,9,0,0,9,0,0,9,0,0,9,0,0,9,0,0,9,0,0,9,0,0,9,0,0,9,0,0,9,0,0,9,0,0,9,0,0,9,0,0,9,0,0,9,0,0,9,0,0,9,0
54,0,0,9,0,0,9,0,0,9,0,0,9,0,0,9,0,0,9,0,0,9,0,0,9,0,0,9,0,0,9,0,0,9,0,0,9,0,0,9,0,0,9,0,0,9,0,0,9,0,0,9,0,0,9,0,0,9,0,0,9,0,0,9,0,0,9,0,0,9,0,0,9,0,0,9,0,0,9,0,0,9,0,0,9,0,0,9,0,0,9,0,0,9,0,0,9,0,0,9,0,0,9,0,0,9,0,0,9,0,0,9,0,0,9,0,0,9,0,0,9,0,0,9,0,0,9,0,0,9,0,0,9,0,0,9,0,0,9,0,0,9,0,0,9,0,0,9,0,0,9,0
55,0,0,9,0,0,9,0,0,9,0,0,9,0,0,9,0,0,9,0,0,9,0,0,9,0,0,9,0,0,9,0,0,9,0,0,9,0,0,9,0,0,9,0,0,9,0,0,9,0,0,9,0,0,9,0,0,9,0,0,9,0,0,9,0,0,9,0,0,9,0,0,9,0,0,9,0,0,9,0,0,9,0,0,9,0,0,9,0,0,9,0,0,9,0,0,9,0,0,9,0,0,9,0,0,9,0,0,9,0,0,9,0,0,9,0,0,9,0,0,9,0,0,9,0,0,9,0,0,9,0,0,9,0,0,9,0,0,9,0,0,9,0,0,9,0,0,9,0,0,9,0
56,0,0,9,0,0,9,0,0,9,0,0,9,0,0,9,0,0,9,0,0,9,0,0,9,0,0,9,0,0,9,0,0,9,0,0,9,0,0,9,0,0,9,0,0,9,0,0,9,0,0,9,0,0,9,0,0,9,0,0,9,0,0,9,0,0,9,0,0,9,0,0,9,0,0,9,0,0,9,0,0,9,0,0,9,0,0,9,0,0,9,0,0,9,0,0,9,0,0,9,0,0,9,0,0,9,0,0,9,0,0,9,0,0,9,0,0,9,0,0,9,0,0,9,0,0,9,0,0,9,0,0,9,0,0,9,0,0,9,0,0,9,0,0,9,0,0,9,0,0,9,0
57,0,0,9,0,0,9,0,0,9,0,0,9,0,0,9,0,0,9,0,0,9,0,0,9,0,0,9,0,0,9,0,0,9,0,0,9,0,0,9,0,0,9,0,0,9,0,0,9,0,0,9,0,0,9,0,0,9,0,0,9,0,0,9,0,0,9,0,0,9,0,0,9,0,0,9,0,0,9,0,0,9,0,0,9,0,0,9,0,0,9,0,0,9,0,0,9,0,0,9,0,0,9,0,0,9,0,0,9,0,0,9,0,0,9,0,0,9,0,0,9,0,0,9,0,0,9,0,0,9,0,0,9,0,0,9,0,0,9,0,0,9,0,0,9,0,0,9,0,0,9,0
58,0,0,9,0,0,9,0,0,9,0,0,9,0,0,9,0,0,9,0,0,9,0,0,9,0,0,9,0,0,9,0,0,9,0,0,9,0,0,9,0,0,9,0,0,9,0,0,9,0,0,9,0,0,9,0,0,9,0,0,9,0,0,9,0,0,9,0,0,9,0,0,9,0,0,9,0,0,9,0,0,9,0,0,9,0,0,9,0,0,9,0,0,9,0,0,9,0,0,9,0,0,9,0,0,9,0,0,9,0,0,9,0,0,9,0,0,9,0,0,9,0,0,9,0,0,9,0,0,9,0,0,9,0,0,9,0,0,9,0,0,9,0,0,9,0,0,9,0,0,9,0
59,0,0,9,0,0,9,0,0,9,0,0,9,0,0,9,0,0,9,0,0,9,0,0,9,0,0,9,0,0,9,0,0,9,0,0,9,0,0,9,0,0,9,0,0,9,0,0,9,0,0,9,0,0,9,0,0,9,0,0,9,0,0,9,0,0,9,0,0,9,0,0,9,0,0,9,0,0,9,0,0,9,0,0,9,0,0,9,0,0,9,0,0,9,0,0,9,0,0,9,0,0,9,0,0,9,0,0,9,0,0,9,0,0,9,0,0,9,0,0,9,0,0,9,0,0,9,0,0,9,0,0,9,0,0,9,0,0,9,0,0,9,0,0,9,0,0,9,0,0,9,0
60,0,0,9,0,0,9,0,0,9,0,0,9,0,0,9,0,0,9,0,0,9,0,0,9,0,0,9,0,0,9,0,0,9,0,0,9,0,0,9,0,0,9,0,0,9,0,0,9,0,0,9,0,0,9,0,0,9,0,0,9,0,0,9,0,0,9,0,0,9,0,0,9,0,0,9,0,0,9,0,0,9,0,0,9,0,0,9,0,0,9,0,0,9,0,0,9,0,0,9,0,0,9,0,0,9,0,0,9,0,0,9,0,0,9,0,0,9,0,0,9,0,0,9,0,0,9,0,0,9,0,0,9,0,0,9,0,0,9,0,0,9,0,0,9,0,0,9,0,0,9,0
61,0,0,9,0,0,9,0,0,9,0,0,9,0,0,9,0,0,9,0,0,9,0,0,9,0,0,9,0,0,9,0,0,9,0,0,9,0,0,9,0,0,9,0,0,9,0,0,9,0,0,9,0,0,9,0,0,9,0,0,9,0,0,9,0,0,9,0,0,9,0,0,9,0,0,9,0,0,9,0,0,9,0,0,9,0,0,9,0,0,9,0,0,9,0,0,9,0,0,9,0,0,9,0,0,9,0,0,9,0,0,9,0,0,9,0,0,9,0,0,9,0,0,9,0,0,9,0,0,9,0,0,9,0,0,9,0,0,9,0,0,9,0,0,9,0,0,9,0,0,9,0
62,0,0,9,0,0,9,0,0,9,0,0,9,0,0,9,0,0,9,0,0,9,0,0,9,0,0,9,0,0,9,0,0,9,0,0,9,0,0,9,0,0,9,0,0,9,0,0,9,0,0,9,0,0,9,0,0,9,0,0,9,0,0,9,0,0,9,0,0,9,0,0,9,0,0,9,0,0,9,0,0,9,0,0,9,0,0,9,0,0,9,0,0,9,0,0,9,0,0,9,0,0,9,0,0,9,0,0,9,0,0,9,0,0,9,0,0,9,0,0,9,0,0,9,0,0,9,0,0,9,0,0,9,0,0,9,0,0,9,0,0,9,0,0,9,0,0,9,0,0,9,0
63,0,0,9,0,0,9,0,0,9,0,0,9,0,0,9,0,0,9,0,0,9,0,0,9,0,0,9,0,0,9,0,0,9,0,0,9,0,0,9,0,0,9,0,0,9,0,0,9,0,0,9,0,0,9,0,0,9,0,0,9,0,0,9,0,0,9,0,0,9,0,0,9,0,0,9,0,0,9,0,0,9,0,0,9,0,0,9,0,0,9,0,0,9,0,0,9,0,0,9,0,0,9,0,0,9,0,0,9,0,0,9,0,0,9,0,0,9,0,0,9,0,0,9,0,0,9,0,0,9,0,0,9,0,0,9,0,0,9,0,0,9,0,0,9,0,0,9,0,0,9,0
64,0,0,9,0,0,9,0,0,9,0,0,9,0,0,9,0,0,9,0,0,9,0,0,9,0,0,9,0,0,9,0,0,9,0,0,9,0,0,9,0,0,9,0,0,9,0,0,9,0,0,9,0,0,9,0,0,9,0,0,9,0,0,9,0,0,9,0,0,9,0,0,9,0,0,9,0,0,9,0,0,9,0,0,9,0,0,9,0,0,9,0,0,9,0,0,9,0,0,9,0,0,9,0,0,9,0,0,9,0,0,9,0,0,9,0,0,9,0,0,9,0,0,9,0,0,9,0,0,9,0,0,9,0,0,9,0,0,9,0,0,9,0,0,9,0,0,9,0,0,9,0
65,0,0,9,0,0,9,0,0,9,0,0,9,0,0,9,0,0,9,0,0,9,0,0,9,0,0,9,0,0,9,0,0,9,0,0,9,0,0,9,0,0,9,0,0,9,0,0,9,0,0,9,0,0,9,0,0,9,0,0,9,0,0,9,0,0,9,0,0,9,0,0,9,0,0,9,0,0,9,0,0,9,0,0,9,0,0,9,0,0,9,0,0,9,0,0,9,0,0,9,0,0,9,0,0,9,0,0,9,0,0,9,0,0,9,0,0,9,0,0,9,0,0,9,0,0,9,0,0,9,0,0,9,0,0,9,0,0,9,0,0,9,0,0,9,0,0,9,0,0,9,0
66,0,0,9,0,0,9,0,0,9,0,0,9,0,0,9,0,0,9,0,0,9,0,0,9,0,0,9,0,0,9,0,0,9,0,0,9,0,0,9,0,0,9,0,0,9,0,0,9,0,0,9,0,0,9,0,0,9,0,0,9,0,0,9,0,0,9,0,0,9,0,0,9,0,0,9,0,0,9,0,0,9,0,0,9,0,0,9,0,0,9,0,0,9,0,0,9,0,0,9,0,0,9,0,0,9,0,0,9,0,0,9,0,0,9,0,0,9,0,0,9,0,0,9,0,0,9,0,0,9,0,0,9,0,0,9,0,0,9,0,0,9,0,0,9,0,0,9,0,0,9,0
67,0,0,9,0,0,9,0,0,9,0,0,9,0,0,9,0,0,9,0,0,9,0,0,9,0,0,9,0,0,9,0,0,9,0,0,9,0,0,9,0,0,9,0,0,9,0,0,9,0,0,9,0,0,9,0,0,9,0,0,9,0,0,9,0,0,9,0,0,9,0,0,9,0,0,9,0,0,9,0,0,9,0,0,9,0,0,9,0,0,9,0,0,9,0,0,9,0,0,9,0,0,9,0,0,9,0,0,9,0,0,9,0,0,9,0,0,9,0,0,9,0,0,9,0,0,9,0,0,9,0,0,9,0,0,9,0,0,9,0,0,9,0,0,9,0,0,9,0,0,9,0
68,0,0,9,0,0,9,0,0,9,0,0,9,0,0,9,0,0,9,0,0,9,0,0,9,0,0,9,0,0,9,0,0,9,0,0,9,0,0,9,0,0,9,0,0,9,0,0,9,0,0,9,0,0,9,0,0,9,0,0,9,0,0,9,0,0,9,0,0,9,0,0,9,0,0,9,0,0,9,0,0,9,0,0,9,0,0,9,0,0,9,0,0,9,0,0,9,0,0,9,0,0,9,0,0,9,0,0,9,0,0,9,0,0,9,0,0,9,0,0,9,0,0,9,0,0,9,0,0,9,0,0,9,0,0,9,0,0,9,0,0,9,0,0,9,0,0,9,0,0,9,0
69,0,0,9,0,0,9,0,0,9,0,0,9,0,0,9,0,0,9,0,0,9,0,0,9,0,0,9,0,0,9,0,0,9,0,0,9,0,0,9,0,0,9,0,0,9,0,0,9,0,0,9,0,0,9,0,0,9,0,0,9,0,0,9,0,0,9,0,0,9,0,0,9,0,0,9,0,0,9,0,0,9,0,0,9,0,0,9,0,0,9,0,0,9,0,0,9,0,0,9,0,0,9,0,0,9,0,0,9,0,0,9,0,0,9,0,0,9,0,0,9,0,0,9,0,0,9,0,0,9,0,0,9,0,0,9,0,0,9,0,0,9,0,0,9,0,0,9,0,0,9,0
70,0,0,9,0,0,9,0,0,9,0,0,9,0,0,9,0,0,9,0,0,9,0,0,9,0,0,9,0,0,9,0,0,9,0,0,9,0,0,9,0,0,9,0,0,9,0,0,9,0,0,9,0,0,9,0,0,9,0,0,9,0,0,9,0,0,9,0,0,9,0,0,9,0,0,9,0,0,9,0,0,9,0,0,9,0,0,9,0,0,9,0,0,9,0,0,9,0,0,9,0,0,9,0,0,9,0,0,9,0,0,9,0,0,9,0,0,9,0,0,9,0,0,9,0,0,9,0,0,9,0,0,9,0,0,9,0,0,9,0,0,9,0,0,9,0,0,9,0,0,9,0
71,0,0,9,0,0,9,0,0,9,0,0,9,0,0,9,0,0,9,0,0,9,0,0,9,0,0,9,0,0,9,0,0,9,0,0,9,0,0,9,0,0,9,0,0,9,0,0,9,0,0,9,0,0,9,0,0,9,0,0,9,0,0,9,0,0,9,0,0,9,0,0,9,0,0,9,0,0,9,0,0,9,0,0,9,0,0,9,0,0,9,0,0,9,0,0,9,0,0,9,0,0,9,0,0,9,0,0,9,0,0,9,0,0,9,0,0,9,0,0,9,0,0,9,0,0,9,0,0,9,0,0,9,0,0,9,0,0,9,0,0,9,0,0,9,0,0,9,0,0,9,0
72,0,0,9,0,0,9,0,0,9,0,0,9,0,0,9,0,0,9,0,0,9,0,0,9,0,0,9,0,0,9,0,0,9,0,0,9,0,0,9,0,0,9,0,0,9,0,0,9,0,0,9,0,0,9,0,0,9,0,0,9,0,0,9,0,0,9,0,0,9,0,0,9,0,0,9,0,0,9,0,0,9,0,0,9,0,0,9,0,0,9,0,0,9,0,0,9,0,0,9,0,0,9,0,0,9,0,0,9,0,0,9,0,0,9,0,0,9,0,0,9,0,0,9,0,0,9,0,0,9,0,0,9,0,0,9,0,0,9,0,0,9,0,0,9,0,0,9,0,0,9,0
73,0,0,9,0,0,9,0,0,9,0,0,9,0,0,9,0,0,9,0,0,9,0,0,9,0,0,9,0,0,9,0,0,9,0,0,9,0,0,9,0,0,9,0,0,9,0,0,9,0,0,9,0,0,9,0,0,9,0,0,9,0,0,9,0,0,9,0,0,9,0,0,9,0,0,9,0,0,9,0,0,9,0,0,9,0,0,9,0,0,9,0,0,9,0,0,9,0,0,9,0,0,9,0,0,9,0,0,9,0,0,9,0,0,9,0,0,9,0,0,9,0,0,9,0,0,9,0,0,9,0,0,9,0,0,9,0,0,9,0,0,9,0,0,9,0,0,9,0,0,9,0
74,0,0,9,0,0,9,0,0,9,0,0,9,0,0,9,0,0,9,0,0,9,0,0,9,0,0,9,0,0,9,0,0,9,0,0,9,0,0,9,0,0,9,0,0,9,0,0,9,0,0,9,0,0,9,0,0,9,0,0,9,0,0,9,0,0,9,0,0,9,0,0,9,0,0,9,0,0,9,0,0,9,0,0,9,0,0,9,0,0,9,0,0,9,0,0,9,0,0,9,0,0,9,0,0,9,0,0,9,0,0,9,0,0,9,0,0,9,0,0,9,0,0,9,0,0,9,0,0,9,0,0,9,0,0,9,0,0,9,0,0,9,0,0,9,0,0,9,0,0,9,0
75,0,0,9,0,0,9,0,0,9,0,0,9,0,0,9,0,0,9,0,0,9,0,0,9,0,0,9,0,0,9,0,0,9,0,0,9,0,0,9,0,0,9,0,0,9,0,0,9,0,0,9,0,0,9,0,0,9,0,0,9,0,0,9,0,0,9,0,0,9,0,0,9,0,0,9,0,0,9,0,0,9,0,0,9,0,0,9,0,0,9,0,0,9,0,0,9,0,0,9,0,0,9,0,0,9,0,0,9,0,0,9,0,0,9,0,0,9,0,0,9,0,0,9,0,0,9,0,0,9,0,0,9,0,0,9,0,0,9,0,0,9,0,0,9,0,0,9,0,0,9,0
76,0,0,9,0,0,9,0,0,9,0,0,9,0,0,9,0,0,9,0,0,9,0,0,9,0,0,9,0,0,9,0,0,9,0,0,9,0,0,9,0,0,9,0,0,9,0,0,9,0,0,9,0,0,9,0,0,9,0,0,9,0,0,9,0,0,9,0,0,9,0,0,9,0,0,9,0,0,9,0,0,9,0,0,9,0,0,9,0,0,9,0,0,9,0,0,9,0,0,9,0,0,9,0,0,9,0,0,9,0,0,9,0,0,9,0,0,9,0,0,9,0,0,9,0,0,9,0,0,9,0,0,9,0,0,9,0,0,9,0,0,9,0,0,9,0,0,9,0,0,9,0
77,0,0,9,0,0,9,0,0,9,0,0,9,0,0,9,0,0,9,0,0,9,0,0,9,0,0,9,0,0,9,0,0,9,0,0,9,0,0,9,0,0,9,0,0,9,0,0,9,0,0,9,0,0,9,0,0,9,0,0,9,0,0,9,0,0,9,0,0,9,0,0,9,0,0,9,0,0,9,0,0,9,0,0,9,0,0,9,0,0,9,0,0,9,0,0,9,0,0,9,0,0,9,0,0,9,0,0,9,0,0,9,0,0,9,0,0,9,0,0,9,0,0,9,0,0,9,0,0,9,0,0,9,0,0,9,0,0,9,0,0,9,0,0,9,0,0,9,0,0,9,0
78,0,0,9,0,0,9,0,0,9,0,0,9,0,0,9,0,0,9,0,0,9,0,0,9,0,0,9,0,0,9,0,0,9,0,0,9,0,0,9,0,0,9,0,0,9,0,0,9,0,0,9,0,0,9,0,0,9,0,0,9,0,0,9,0,0,9,0,0,9,0,0,9,0,0,9,0,0,9,0,0,9,0,0,9,0,0,9,0,0,9,0,0,9,0,0,9,0,0,9,0,0,9,0,0,9,0,0,9,0,0,9,0,0,9,0,0,9,0,0,9,0,0,9,0,0,9,0,0,9,0,0,9,0,0,9,0,0,9,0,0,9,0,0,9,0,0,9,0,0,9,0
79,0,0,9,0,0,9,0,0,9,0,0,9,0,0,9,0,0,9,0,0,9,0,0,9,0,0,9,0,0,9,0,0,9,0,0,9,0,0,9,0,0,9,0,0,9,0,0,9,0,0,9,0,0,9,0,0,9,0,0,9,0,0,9,0,0,9,0,0,9,0,0,9,0,0,9,0,0,9,0,0,9,0,0,9,0,0,9,0,0,9,0,0,9,0,0,9,0,0,9,0,0,9,0,0,9,0,0,9,0,0,9,0,0,9,0,0,9,0,0,9,0,0,9,0,0,9,0,0,9,0,0,9,0,0,9,0,0,9,0,0,9,0,0,9,0,0,9,0,0,9,0
80,0,0,9,0,0,9,0,0,9,0,0,9,0,0,9,0,0,9,0,0,9,0,0,9,0,0,9,0,0,9,0,0,9,0,0,9,0,0,9,0,0,9,0,0,9,0,0,9,0,0,9,0,0,9,0,0,9,0,0,9,0,0,9,0,0,9,0,0,9,0,0,9,0,0,9,0,0,9,0,0,9,0,0,9,0,0,9,0,0,9,0,0,9,0,0,9,0,0,9,0,0,9,0,0,9,0,0,9,0,0,9,0,0,9,0,0,9,0,0,9,0,0,9,0,0,9,0,0,9,0,0,9,0,0,9,0,0,9,0,0,9,0,0,9,0,0,9,0,0,9,0
81,0,0,9,0,0,9,0,0,9,0,0,9,0,0,9,0,0,9,0,0,9,0,0,9,0,0,9,0,0,9,0,0,9,0,0,9,0,0,9,0,0,9,0,0,9,0,0,9,0,0,9,0,0,9,0,0,9,0,0,9,0,0,9,0,0,9,0,0,9,0,0,9,0,0,9,0,0,9,0,0,9,0,0,9,0,0,9,0,0,9,0,0,9,0,0,9,0,0,9,0,0,9,0,0,9,0,0,9,0,0,9,0,0,9,0,0,9,0,0,9,0,0,9,0,0,9,0,0,9,0,0,9,0,0,9,0,0,9,0,0,9,0,0,9,0,0,9,0,0,9,0
82,0,0,9,0,0,9,0,0,9,0,0,9,0,0,9,0,0,9,0,0,9,0,0,9,0,0,9,0,0,9,0,0,9,0,0,9,0,0,9,0,0,9,0,0,9,0,0,9,0,0,9,0,0,9,0,0,9,0,0,9,0,0,9,0,0,9,0,0,9,0,0,9,0,0,9,0,0,9,0,0,9,0,0,9,0,0,9,0,0,9,0,0,9,0,0,9,0,0,9,0,0,9,0,0,9,0,0,9,0,0,9,0,0,9,0,0,9,0,0,9,0,0,9,0,0,9,0,0,9,0,0,9,0,0,9,0,0,9,0,0,9,0,0,9,0,0,9,0,0,9,0
83,0,0,9,0,0,9,0,0,9,0,0,9,0,0,9,0,0,9,0,0,9,0,0,9,0,0,9,0,0,9,0,0,9,0,0,9,0,0,9,0,0,9,0,0,9,0,0,9,0,0,9,0,0,9,0,0,9,0,0,9,0,0,9,0,0,9,0,0,9,0,0,9,0,0,9,0,0,9,0,0,9,0,0,9,0,0,9,0,0,9,0,0,9,0,0,9,0,0,9,0,0,9,0,0,9,0,0,9,0,0,9,0,0,9,0,0,9,0,0,9,0,0,9,0,0,9,0,0,9,0,0,9,0,0,9,0,0,9,0,0,9,0,0,9,0,0,9,0,0,9,0
84,0,0,9,0,0,9,0,0,9,0,0,9,0,0,9,0,0,9,0,0,9,0,0,9,0,0,9,0,0,9,0,0,9,0,0,9,0,0,9,0,0,9,0,0,9,0,0,9,0,0,9,0,0,9,0,0,9,0,0,9,0,0,9,0,0,9,0,0,9,0,0,9,0,0,9,0,0,9,0,0,9,0,0,9,0,0,9,0,0,9,0,0,9,0,0,9,0,0,9,0,0,9,0,0,9,0,0,9,0,0,9,0,0,9,0,0,9,0,0,9,0,0,9,0,0,9,0,0,9,0,0,9,0,0,9,0,0,9,0,0,9,0,0,9,0,0,9,0,0,9,0
85,0,0,9,0,0,9,0,0,9,0,0,9,0,0,9,0,0,9,0,0,9,0,0,9,0,0,9,0,0,9,0,0,9,0,0,9,0,0,9,0,0,9,0,0,9,0,0,9,0,0,9,0,0,9,0,0,9,0,0,9,0,0,9,0,0,9,0,0,9,0,0,9,0,0,9,0,0,9,0,0,9,0,0,9,0,0,9,0,0,9,0,0,9,0,0,9,0,0,9,0,0,9,0,0,9,0,0,9,0,0,9,0,0,9,0,0,9,0,0,9,0,0,9,0,0,9,0,0,9,0,0,9,0,0,9,0,0,9,0,0,9,0,0,9,0,0,9,0,0,9,0
86,0,0,9,0,0,9,0,0,9,0,0,9,0,0,9,0,0,9,0,0,9,0,0,9,0,0,9,0,0,9,0,0,9,0,0,9,0,0,9,0,0,9,0,0,9,0,0,9,0,0,9,0,0,9,0,0,9,0,0,9,0,0,9,0,0,9,0,0,9,0,0,9,0,0,9,0,0,9,0,0,9,0,0,9,0,0,9,0,0,9,0,0,9,0,0,9,0,0,9,0,0,9,0,0,9,0,0,9,0,0,9,0,0,9,0,0,9,0,0,9,0,0,9,0,0,9,0,0,9,0,0,9,0,0,9,0,0,9,0,0,9,0,0,9,0,0,9,0,0,9,0
87,0,0,9,0,0,9,0,0,9,0,0,9,0,0,9,0,0,9,0,0,9,0,0,9,0,0,9,0,0,9,0,0,9,0,0,9,0,0,9,0,0,9,0,0,9,0,0,9,0,0,9,0,0,9,0,0,9,0,0,9,0,0,9,0,0,9,0,0,9,0,0,9,0,0,9,0,0,9,0,0,9,0,0,9,0,0,9,0,0,9,0,0,9,0,0,9,0,0,9,0,0,9,0,0,9,0,0,9,0,0,9,0,0,9,0,0,9,0,0,9,0,0,9,0,0,9,0,0,9,0,0,9,0,0,9,0,0,9,0,0,9,0,0,9,0,0,9,0,0,9,0
88,0,0,9,0,0,9,0,0,9,0,0,9,0,0,9,0,0,9,0,0,9,0,0,9,0,0,9,0,0,9,0,0,9,0,0,9,0,0,9,0,0,9,0,0,9,0,0,9,0,0,9,0,0,9,0,0,9,0,0,9,0,0,9,0,0,9,0,0,9,0,0,9,0,0,9,0,0,9,0,0,9,0,0,9,0,0,9,0,0,9,0,0,9,0,0,9,0,0,9,0,0,9,0,0,9,0,0,9,0,0,9,0,0,9,0,0,9,0,0,9,0,0,9,0,0,9,0,0,9,0,0,9,0,0,9,0,0,9,0,0,9,0,0,9,0,0,9,0,0,9,0
89,0,0,9,0,0,9,0,0,9,0,0,9,0,0,9,0,0,9,0,0,9,0,0,9,0,0,9,0,0,9,0,0,9,0,0,9,0,0,9,0,0,9,0,0,9,0,0,9,0,0,9,0,0,9,0,0,9,0,0,9,0,0,9,0,0,9,0,0,9,0,0,9,0,0,9,0,0,9,0,0,9,0,0,9,0,0,9,0,0,9,0,0,9,0,0,9,0,0,9,0,0,9,0,0,9,0,0,9,0,0,9,0,0,9,0,0,9,0,0,9,0,0,9,0,0,9,0,0,9,0,0,9,0,0,9,0,0,9,0,0,9,0,0,9,0,0,9,0,0,9,0
90,0,0,9,0,0,9,0,0,9,0,0,9,0,0,9,0,0,9,0,0,9,0,0,9,0,0,9,0,0,9,0,0,9,0,0,9,0,0,9,0,0,9,0,0,9,0,0,9,0,0,9,0,0,9,0,0,9,0,0,9,0,0,9,0,0,9,0,0,9,0,0,9,0,0,9,0,0,9,0,0,9,0,0,9,0,0,9,0,0,9,0,0,9,0,0,9,0,0,9,0,0,9,0,0,9,0,0,9,0,0,9,0,0,9,0,0,9,0,0,9,0,0,9,0,0,9,0,0,9,0,0,9,0,0,9,0,0,9,0,0,9,0,0,9,0,0,9,0,0,9,0
91,0,0,9,0,0,9,0,0,9,0,0,9,0,0,9,0,0,9,0,0,9,0,0,9,0,0,9,0,0,9,0,0,9,0,0,9,0,0,9,0,0,9,0,0,9,0,0,9,0,0,9,0,0,9,0,0,9,0,0,9,0,0,9,0,0,9,0,0,9,0,0,9,0,0,9,0,0,9,0,0,9,0,0,9,0,0,9,0,0,9,0,0,9,0,0,9,0,0,9,0,0,9,0,0,9,0,0,9,0,0,9,0,0,9,0,0,9,0,0,9,0,0,9,0,0,9,0,0,9,0,0,9,0,0,9,0,0,9,0,0,9,0,0,9,0,0,9,0,0,9,0
92,0,0,9,0,0,9,0,0,9,0,0,9,0,0,9,0,0,9,0,0,9,0,0,9,0,0,9,0,0,9,0,0,9,0,0,9,0,0,9,0,0,9,0,0,9,0,0,9,0,0,9,0,0,9,0,0,9,0,0,9,0,0,9,0,0,9,0,0,9,0,0,9,0,0,9,0,0,9,0,0,9,0,0,9,0,0,9,0,0,9,0,0,9,0,0,9,0,0,9,0,0,9,0,0,9,0,0,9,0,0,9,0,0,9,0,0,9,0,0,9,0,0,9,0,0,9,0,0,9,0,0,9,0,0,9,0,0,9,0,0,9,0,0,9,0,0,9,0,0,9,0
93,0,0,9,0,0,9,0,0,9,0,0,9,0,0,9,0,0,9,0,0,9,0,0,9,0,0,9,0,0,9,0,0,9,0,0,9,0,0,9,0,0,9,0,0,9,0,0,9,0,0,9,0,0,9,0,0,9,0,0,9,0,0,9,0,0,9,0,0,9,0,0,9,0,0,9,0,0,9,0,0,9,0,0,9,0,0,9,0,0,9,0,0,9,0,0,9,0,0,9,0,0,9,0,0,9,0,0,9,0,0,9,0,0,9,0,0,9,0,0,9,0,0,9,0,0,9,0,0,9,0,0,9,0,0,9,0,0,9,0,0,9,0,0,9,0,0,9,0,0,9,0
94,0,0,9,0,0,9,0,0,9,0,0,9,0,0,9,0,0,9,0,0,9,0,0,9,0,0,9,0,0,9,0,0,9,0,0,9,0,0,9,0,0,9,0,0,9,0,0,9,0,0,9,0,0,9,0,0,9,0,0,9,0,0,9,0,0,9,0,0,9,0,0,9,0,0,9,0,0,9,0,0,9,0,0,9,0,0,9,0,0,9,0,0,9,0,0,9,0,0,9,0,0,9,0,0,9,0,0,9,0,0,9,0,0,9,0,0,9,0,0,9,0,0,9,0,0,9,0,0,9,0,0,9,0,0,9,0,0,9,0,0,9,0,0,9,0,0,9,0,0,9,0
95,0,0,9,0,0,9,0,0,9,0,0,9,0,0,9,0,0,9,0,0,9,0,0,9,0,0,9,0,0,9,0,0,9,0,0,9,0,0,9,0,0,9,0,0,9,0,0,9,0,0,9,0,0,9,0,0,9,0,0,9,0,0,9,0,0,9,0,0,9,0,0,9,0,0,9,0,0,9,0,0,9,0,0,9,0,0,9,0,0,9,0,0,9,0,0,9,0,0,9,0,0,9,0,0,9,0,0,9,0,0,9,0,0,9,0,0,9,0,0,9,0,0,9,0,0,9,0,0,9,0,0,9,0,0,9,0,0,9,0,0,9,0,0,9,0,0,9,0,0,9,0
96,0,0,9,0,0,9,0,0,9,0,0,9,0,0,9,0,0,9,0,0,9,0,0,9,0,0,9,0,0,9,0,0,9,0,0,9,0,0,9,0,0,9,0,0,9,0,0,9,0,0,9,0,0,9,0,0,9,0,0,9,0,0,9,0,0,9,0,0,9,0,0,9,0,0,9,0,0,9,0,0,9,0,0,9,0,0,9,0,0,9,0,0,9,0,0,9,0,0,9,0,0,9,0,0,9,0,0,9,0,0,9,0,0,9,0,0,9,0,0,9,0,0,9,0,0,9,0,0,9,0,0,9,0,0,9,0,0,9,0,0,9,0,0,9,0,0,9,0,0,9,0
97,0,0,9,0,0,9,0,0,9,0,0,9,0,0,9,0,0,9,0,0,9,0,0,9,0,0,9,0,0,9,0,0,9,0,0,9,0,0,9,0,0,9,0,0,9,0,0,9,0,0,9,0,0,9,0,0,9,0,0,9,0,0,9,0,0,9,0,0,9,0,0,9,0,0,9,0,0,9,0,0,9,0,0,9,0,0,9,0,0,9,0,0,9,0,0,9,0,0,9,0,0,9,0,0,9,0,0,9,0,0,9,0,0,9,0,0,9,0,0,9,0,0,9,0,0,9,0,0,9,0,0,9,0,0,9,0,0,9,0,0,9,0,0,9,0,0,9,0,0,9,0
98,0,0,9,0,0,9,0,0,9,0,0,9,0,0,9,0,0,9,0,0,9,0,0,9,0,0,9,0,0,9,0,0,9,0,0,9,0,0,9,0,0,9,0,0,9,0,0,9,0,0,9,0,0,9,0,0,9,0,0,9,0,0,9,0,0,9,0,0,9,0,0,9,0,0,9,0,0,9,0,0,9,0,0,9,0,0,9,0,0,9,0,0,9,0,0,9,0,0,9,0,0,9,0,0,9,0,0,9,0,0,9,0,0,9,0,0,9,0,0,9,0,0,9,0,0,9,0,0,9,0,0,9,0,0,9,0,0,9,0,0,9,0,0,9,0,0,9,0,0,9,0
99,0,0,9,0,0,9,0,0,9,0,0,9,0,0,9,0,0,9,0,0,9,0,0,9,0,0,9,0,0,9,0,0,9,0,0,9,0,0,9,0,0,9,0,0,9,0,0,9,0,0,9,0,0,9,0,0,9,0,0,9,0,0,9,0,0,9,0,0,9,0,0,9,0,0,9,0,0,9,0,0,9,0,0,9,0,0,9,0,0,9,0,0,9,0,0,9,0,0,9,0,0,9,0,0,9,0,0,9,0,0,9,0,0,9,0,0,9,0,0,9,0,0,9,0,0,9,0,0,9,0,0,9,0,0,9,0,0,9,0,0,9,0,0,9,0,0,9,0,0,9,0
100,0,0,9,0,0,9,0,0,9,0,0,9,0,0,9,0,0,9,0,0,9,0,0,9,0,0,9,0,0,9,0,0,9,0,0,9,0,0,9,0,0,9,0,0,9,0,0,9,0,0,9,0,0,9,0,0,9,0,0,9,0,0,9,0,0,9,0,0,9,0,0,9,0,0,9,0,0,9,0,0,9,0,0,9,0,0,9,0,0,9,0,0,9,0,0,9,0,0,9,0,0,9,0,0,9,0,0,9,0,0,9,0,0,9,0,0,9,0,0,9,0,0,9,0,0,9,0,0,9,0,0,9,0,0,9,0,0,9,0,0,9,0,0,9,0,0,9,0,0,9,0
101,0,0,9,0,0,9,0,0,9,0,0,9,0,0,9,0,0,9,0,0,9,0,0,9,0,0,9,0,0,9,0,0,9,0,0,9,0,0,9,0,0,9,0,0,9,0,0,9,0,0,9,0,0,9,0,0,9,0,0,9,0,0,9,0,0,9,0,0,9,0,0,9,0,0,9,0,0,9,0,0,9,0,0,9,0,0,9,0,0,9,0,0,9,0,0,9,0,0,9,0,0,9,0,0,9,0,0,9,0,0,9,0,0,9,0,0,9,0,0,9,0,0,9,0,0,9,0,0,9,0,0,9,0,0,9,0,0,9,0,0,9,0,0,9,0,0,9,0,0,9,0
102,0,0,9,0,0,9,0,0,9,0,0,9,0,0,9,0,0,9,0,0,9,0,0,9,0,0,9,0,0,9,0,0,9,0,0,9,0,0,9,0,0,9,0,0,9,0,0,9,0,0,9,0,0,9,0,0,9,0,0,9,0,0,9,0,0,9,0,0,9,0,0,9,0,0,9,0,0,9,0,0,9,0,0,9,0,0,9,0,0,9,0,0,9,0,0,9,0,0,9,0,0,9,0,0,9,0,0,9,0,0,9,0,0,9,0,0,9,0,0,9,0,0,9,0,0,9,0,0,9,0,0,9,0,0,9,0,0,9,0,0,9,0,0,9,0,0,9,0,0,9,0
103,0,0,9,0,0,9,0,0,9,0,0,9,0,0,9,0,0,9,0,0,9,0,0,9,0,0,9,0,0,9,0,0,9,0,0,9,0,0,9,0,0,9,0,0,9,0,0,9,0,0,9,0,0,9,0,0,9,0,0,9,0,0,9,0,0,9,0,0,9,0,0,9,0,0,9,0,0,9,0,0,9,0,0,9,0,0,9,0,0,9,0,0,9,0,0,9,0,0,9,0,0,9,0,0,9,0,0,9,0,0,9,0,0,9,0,0,9,0,0,9,0,0,9,0,0,9,0,0,9,0,0,9,0,0,9,0,0,9,0,0,9,0,0,9,0,0,9,0,0,9,0
104,0,0,9,0,0,9,0,0,9,0,0,9,0,0,9,0,0,9,0,0,9,0,0,9,0,0,9,0,0,9,0,0,9,0,0,9,0,0,9,0,0,9,0,0,9,0,0,9,0,0,9,0,0,9,0,0,9,0,0,9,0,0,9,0,0,9,0,0,9,0,0,9,0,0,9,0,0,9,0,0,9,0,0,9,0,0,9,0,0,9,0,0,9,0,0,9,0,0,9,0,0,9,0,0,9,0,0,9,0,0,9,0,0,9,0,0,9,0,0,9,0,0,9,0,0,9,0,0,9,0,0,9,0,0,9,0,0,9,0,0,9,0,0,9,0,0,9,0,0,9,0
105,0,0,9,0,0,9,0,0,9,0,0,9,0,0,9,0,0,9,0,0,9,0,0,9,0,0,9,0,0,9,0,0,9,0,0,9,0,0,9,0,0,9,0,0,9,0,0,9,0,0,9,0,0,9,0,0,9,0,0,9,0,0,9,0,0,9,0,0,9,0,0,9,0,0,9,0,0,9,0,0,9,0,0,9,0,0,9,0,0,9,0,0,9,0,0,9,0,0,9,0,0,9,0,0,9,0,0,9,0,0,9,0,0,9,0,0,9,0,0,9,0,0,9,0,0,9,0,0,9,0,0,9,0,0,9,0,0,9,0,0,9,0,0,9,0,0,9,0,0,9,0
106,0,0,9,0,0,9,0,0,9,0,0,9,0,0,9,0,0,9,0,0,9,0,0,9,0,0,9,0,0,9,0,0,9,0,0,9,0,0,9,0,0,9,0,0,9,0,0,9,0,0,9,0,0,9,0,0,9,0,0,9,0,0,9,0,0,9,0,0,9,0,0,9,0,0,9,0,0,9,0,0,9,0,0,9,0,0,9,0,0,9,0,0,9,0,0,9,0,0,9,0,0,9,0,0,9,0,0,9,0,0,9,0,0,9,0,0,9,0,0,9,0,0,9,0,0,9,0,0,9,0,0,9,0,0,9,0,0,9,0,0,9,0,0,9,0,0,9,0,0,9,0
107,0,0,9,0,0,9,0,0,9,0,0,9,0,0,9,0,0,9,0,0,9,0,0,9,0,0,9,0,0,9,0,0,9,0,0,9,0,0,9,0,0,9,0,0,9,0,0,9,0,0,9,0,0,9,0,0,9,0,0,9,0,0,9,0,0,9,0,0,9,0,0,9,0,0,9,0,0,9,0,0,9,0,0,9,0,0,9,0,0,9,0,0,9,0,0,9,0,0,9,0,0,9,0,0,9,0,0,9,0,0,9,0,0,9,0,0,9,0,0,9,0,0,9,0,0,9,0,0,9,0,0,9,0,0,9,0,0,9,0,0,9,0,0,9,0,0,9,0,0,9,0
108,0,0,9,0,0,9,0,0,9,0,0,9,0,0,9,0,0,9,0,0,9,0,0,9,0,0,9,0,0,9,0,0,9,0,0,9,0,0,9,0,0,9,0,0,9,0,0,9,0,0,9,0,0,9,0,0,9,0,0,9,0,0,9,0,0,9,0,0,9,0,0,9,0,0,9,0,0,9,0,0,9,0,0,9,0,0,9,0,0,9,0,0,9,0,0,9,0,0,9,0,0,9,0,0,9,0,0,9,0,0,9,0,0,9,0,0,9,0,0,9,0,0,9,0,0,9,0,0,9,0,0,9,0,0,9,0,0,9,0,0,9,0,0,9,0,0,9,0,0,9,0
109,0,0,9,0,0,9,0,0,9,0,0,9,0,0,9,0,0,9,0,0,9,0,0,9,0,0,9,0,0,9,0,0,9,0,0,9,0,0,9,0,0,9,0,0,9,0,0,9,0,0,9,0,0,9,0,0,9,0,0,9,0,0,9,0,0,9,0,0,9,0,0,9,0,0,9,0,0,9,0,0,9,0,0,9,0,0,9,0,0,9,0,0,9,0,0,9,0,0,9,0,0,9,0,0,9,0,0,9,0,0,9,0,0,9,0,0,9,0,0,9,0,0,9,0,0,9,0,0,9,0,0,9,0,0,9,0,0,9,0,0,9,0,0,9,0,0,9,0,0,9,0
50,9,0,0,9,0,0,9,0,0,9,0,0,9,0,0,9,0,0,9,0,0,9,0,0,9,0,0,9,0,0,9,0,0,9,0,0,9,0,0,9,0,0,9,0,0,9,0,0,9,0,0,9,0,0,9,0,0,9,0,0,9,0,0,9,0,0,9,0,0,9,0,0,9,0,0,9,0,0,9,0,0,9,0,0,9,0,0,9,0,0,9,0,0,9,0,0,9,0,0,9,0,0,9,0,0,9,0,0,9,0,0,9,0,0,9,0,0,9,0,0,9,0,0,9,0,0,9,0,0,9,0,0,9,0,0,9,0,0,9,0,0,9,0,0,9,0,0,9,0,0,0
51,9,0,0,9,0,0,9,0,0,9,0,0,9,0,0,9,0,0,9,0,0,9,0,0,9,0,0,9,0,0,9,0,0,9,0,0,9,0,0,9,0,0,9,0,0,9,0,0,9,0,0,9,0,0,9,0,0,9,0,0,9,0,0,9,0,0,9,0,0,9,0,0,9,0,0,9,0,0,9,0,0,9,0,0,9,0,0,9,0,0,9,0,0,9,0,0,9,0,0,9,0,0,9,0,0,9,0,0,9,0,0,9,0,0,9,0,0,9,0,0,9,0,0,9,0,0,9,0,0,9,0,0,9,0,0,9,0,0,9,0,0,9,0,0,9,0,0,9,0,0,0
52,9,0,0,9,0,0,9,0,0,9,0,0,9,0,0,9,0,0,9,0,0,9,0,0,9,0,0,9,0,0,9,0,0,9,0,0,9,0,0,9,0,0,9,0,0,9,0,0,9,0,0,9,0,0,9,0,0,9,0,0,9,0,0,9,0,0,9,0,0,9,0,0,9,0,0,9,0,0,9,0,0,9,0,0,9,0,0,9,0,0,9,0,0,9,0,0,9,0,0,9,0,0,9,0,0,9,0,0,9,0,0,9,0,0,9,0,0,9,0,0,9,0,0,9,0,0,9,0,0,9,0,0,9,0,0,9,0,0,9,0,0,9,0,0,9,0,0,9,0,0,0
53,9,0,0,9,0,0,9,0,0,9,0,0,9,0,0,9,0,0,9,0,0,9,0,0,9,0,0,9,0,0,9,0,0,9,0,0,9,0,0,9,0,0,9,0,0,9,0,0,9,0,0,9,0,0,9,0,0,9,0,0,9,0,0,9,0,0,9,0,0,9,0,0,9,0,0,9,0,0,9,0,0,9,0,0,9,0,0,9,0,0,9,0,0,9,0,0,9,0,0,9,0,0,9,0,0,9,0,0,9,0,0,9,0,0,9,0,0,9,0,0,9,0,0,9,0,0,9,0,0,9,0,0,9,0,0,9,0,0,9,0,0,9,0,0,9,0,0,9,0,0,0
54,9,0,0,9,0,0,9,0,0,9,0,0,9,0,0,9,0,0,9,0,0,9,0,0,9,0,0,9,0,0,9,0,0,9,0,0,9,0,0,9,0,0,9,0,0,9,0,0,9,0,0,9,0,0,9,0,0,9,0,0,9,0,0,9,0,0,9,0,0,9,0,0,9,0,0,9,0,0,9,0,0,9,0,0,9,0,0,9,0,0,9,0,0,9,0,0,9,0,0,9,0,0,9,0,0,9,0,0,9,0,0,9,0,0,9,0,0,9,0,0,9,0,0,9,0,0,9,0,0,9,0,0,9,0,0,9,0,0,9,0,0,9,0,0,9,0,0,9,0,0,0
55,9,0,0,9,0,0,9,0,0,9,0,0,9,0,0,9,0,0,9,0,0,9,0,0,9,0,0,9,0,0,9,0,0,9,0,0,9,0,0,9,0,0,9,0,0,9,0,0,9,0,0,9,0,0,9,0,0,9,0,0,9,0,0,9,0,0,9,0,0,9,0,0,9,0,0,9,0,0,9,0,0,9,0,0,9,0,0,9,0,0,9,0,0,9,0,0,9,0,0,9,0,0,9,0,0,9,0,0,9,0,0,9,0,0,9,0,0,9,0,0,9,0,0,9,0,0,9,0,0,9,0,0,9,0,0,9,0,0,9,0,0,9,0,0,9,0,0,9,0,0,0
56,9,0,0,9,0,0,9,0,0,9,0,0,9,0,0,9,0,0,9,0,0,9,0,0,9,0,0,9,0,0,9,0,0,9,0,0,9,0,0,9,0,0,9,0,0,9,0,0,9,0,0,9,0,0,9,0,0,9,0,0,9,0,0,9,0,0,9,0,0,9,0,0,9,0,0,9,0,0,9,0,0,9,0,0,9,0,0,9,0,0,9,0,0,9,0,0,9,0,0,9,0,0,9,0,0,9,0,0,9,0,0,9,0,0,9,0,0,9,0,0,9,0,0,9,0,0,9,0,0,9,0,0,9,0,0,9,0,0,9,0,0,9,0,0,9,0,0,9,0,0,0
57,9,0,0,9,0,0,9,0,0,9,0,0,9,0,0,9,0,0,9,0,0,9,0,0,9,0,0,9,0,0,9,0,0,9,0,0,9,0,0,9,0,0,9,0,0,9,0,0,9,0,0,9,0,0,9,0,0,9,0,0,9,0,0,9,0,0,9,0,0,9,0,0,9,0,0,9,0,0,9,0,0,9,0,0,9,0,0,9,0,0,9,0,0,9,0,0,9,0,0,9,0,0,9,0,0,9,0,0,9,0,0,9,0,0,9,0,0,9,0,0,9,0,0,9,0,0,9,0,0,9,0,0,9,0,0,9,0,0,9,0,0,9,0,0,9,0,0,9,0,0,0
58,9,0,0,9,0,0,9,0,0,9,0,0,9,0,0,9,0,0,9,0,0,9,0,0,9,0,0,9,0,0,9,0,0,9,0,0,9,0,0,9,0,0,9,0,0,9,0,0,9,0,0,9,0,0,9,0,0,9,0,0,9,0,0,9,0,0,9,0,0,9,0,0,9,0,0,9,0,0,9,0,0,9,0,0,9,0,0,9,0,0,9,0,0,9,0,0,9,0,0,9,0,0,9,0,0,9,0,0,9,0,0,9,0,0,9,0,0,9,0,0,9,0,0,9,0,0,9,0,0,9,0,0,9,0,0,9,0,0,9,0,0,9,0,0,9,0,0,9,0,0,0
59,9,0,0,9,0,0,9,0,0,9,0,0,9,0,0,9,0,0,9,0,0,9,0,0,9,0,0,9,0,0,9,0,0,9,0,0,9,0,0,9,0,0,9,0,0,9,0,0,9,0,0,9,0,0,9,0,0,9,0,0,9,0,0,9,0,0,9,0,0,9,0,0,9,0,0,9,0,0,9,0,0,9,0,0,9,0,0,9,0,0,9,0,0,9,0,0,9,0,0,9,0,0,9,0,0,9,0,0,9,0,0,9,0,0,9,0,0,9,0,0,9,0,0,9,0,0,9,0,0,9,0,0,9,0,0,9,0,0,9,0,0,9,0,0,9,0,0,9,0,0,0
60,9,0,0,9,0,0,9,0,0,9,0,0,9,0,0,9,0,0,9,0,0,9,0,0,9,0,0,9,0,0,9,0,0,9,0,0,9,0,0,9,0,0,9,0,0,9,0,0,9,0,0,9,0,0,9,0,0,9,0,0,9,0,0,9,0,0,9,0,0,9,0,0,9,0,0,9,0,0,9,0,0,9,0,0,9,0,0,9,0,0,9,0,0,9,0,0,9,0,0,9,0,0,9,0,0,9,0,0,9,0,0,9,0,0,9,0,0,9,0,0,9,0,0,9,0,0,9,0,0,9,0,0,9,0,0,9,0,0,9,0,0,9,0,0,9,0,0,9,0,0,0
61,9,0,0,9,0,0,9,0,0,9,0,0,9,0,0,9,0,0,9,0,0,9,0,0,9,0,0,9,0,0,9,0,0,9,0,0,9,0,0,9,0,0,9,0,0,9,0,0,9,0,0,9,0,0,9,0,0,9,0,0,9,0,0,9,0,0,9,0,0,9,0,0,9,0,0,9,0,0,9,0,0,9,0,0,9,0,0,9,0,0,9,0,0,9,0,0,9,0,0,9,0,0,9,0,0,9,0,0,9,0,0,9,0,0,9,0,0,9,0,0,9,0,0,9,0,0,9,0,0,9,0,0,9,0,0,9,0,0,9,0,0,9,0,0,9,0,0,9,0,0,0
62,9,0,0,9,0,0,9,0,0,9,0,0,9,0,0,9,0,0,9,0,0,9,0,0,9,0,0,9,0,0,9,0,0,9,0,0,9,0,0,9,0,0,9,0,0,9,0,0,9,0,0,9,0,0,9,0,0,9,0,0,9,0,0,9,0,0,9,0,0,9,0,0,9,0,0,9,0,0,9,0,0,9,0,0,9,0,0,9,0,0,9,0,0,9,0,0,9,0,0,9,0,0,9,0,0,9,0,0,9,0,0,9,0,0,9,0,0,9,0,0,9,0,0,9,0,0,9,0,0,9,0,0,9,0,0,9,0,0,9,0,0,9,0,0,9,0,0,9,0,0,0
63,9,0,0,9,0,0,9,0,0,9,0,0,9,0,0,9,0,0,9,0,0,9,0,0,9,0,0,9,0,0,9,0,0,9,0,0,9,0,0,9,0,0,9,0,0,9,0,0,9,0,0,9,0,0,9,0,0,9,0,0,9,0,0,9,0,0,9,0,0,9,0,0,9,0,0,9,0,0,9,0,0,9,0,0,9,0,0,9,0,0,9,0,0,9,0,0,9,0,0,9,0,0,9,0,0,9,0,0,9,0,0,9,0,0,9,0,0,9,0,0,9,0,0,9,0,0,9,0,0,9,0,0,9,0,0,9,0,0,9,0,0,9,0,0,9,0,0,9,0,0,0
64,9,0,0,9,0,0,9,0,0,9,0,0,9,0,0,9,0,0,9,0,0,9,0,0,9,0,0,9,0,0,9,0,0,9,0,0,9,0,0,9,0,0,9,0,0,9,0,0,9,0,0,9,0,0,9,0,0,9,0,0,9,0,0,9,0,0,9,0,0,9,0,0,9,0,0,9,0,0,9,0,0,9,0,0,9,0,0,9,0,0,9,0,0,9,0,0,9,0,0,9,0,0,9,0,0,9,0,0,9,0,0,9,0,0,9,0,0,9,0,0,9,0,0,9,0,0,9,0,0,9,0,0,9,0,0,9,0,0,9,0,0,9,0,0,9,0,0,9,0,0,0
65,9,0,0,9,0,0,9,0,0,9,0,0,9,0,0,9,0,0,9,0,0,9,0,0,9,0,0,9,0,0,9,0,0,9,0,0,9,0,0,9,0,0,9,0,0,9,0,0,9,0,0,9,0,0,9,0,0,9,0,0,9,0,0,9,0,0,9,0,0,9,0,0,9,0,0,9,0,0,9,0,0,9,0,0,9,0,0,9,0,0,9,0,0,9,0,0,9,0,0,9,0,0,9,0,0,9,0,0,9,0,0,9,0,0,9,0,0,9,0,0,9,0,0,9,0,0,9,0,0,9,0,0,9,0,0,9,0,0,9,0,0,9,0,0,9,0,0,9,0,0,0
66,9,0,0,9,0,0,9,0,0,9,0,0,9,0,0,9,0,0,9,0,0,9,0,0,9,0,0,9,0,0,9,0,0,9,0,0,9,0,0,9,0,0,9,0,0,9,0,0,9,0,0,9,0,0,9,0,0,9,0,0,9,0,0,9,0,0,9,0,0,9,0,0,9,0,0,9,0,0,9,0,0,9,0,0,9,0,0,9,0,0,9,0,0,9,0,0,9,0,0,9,0,0,9,0,0,9,0,0,9,0,0,9,0,0,9,0,0,9,0,0,9,0,0,9,0,0,9,0,0,9,0,0,9,0,0,9,0,0,9,0,0,9,0,0,9,0,0,9,0,0,0
67,9,0,0,9,0,0,9,0,0,9,0,0,9,0,0,9,0,0,9,0,0,9,0,0,9,0,0,9,0,0,9,0,0,9,0,0,9,0,0,9,0,0,9,0,0,9,0,0,9,0,0,9,0,0,9,0,0,9,0,0,9,0,0,9,0,0,9,0,0,9,0,0,9,0,0,9,0,0,9,0,0,9,0,0,9,0,0,9,0,0,9,0,0,9,0,0,9,0,0,9,0,0,9,0,0,9,0,0,9,0,0,9,0,0,9,0,0,9,0,0,9,0,0,9,0,0,9,0,0,9,0,0,9,0,0,9,0,0,9,0,0,9,0,0,9,0,0,9,0,0,0
68,9,0,0,9,0,0,9,0,0,9,0,0,9,0,0,9,0,0,9,0,0,9,0,0,9,0,0,9,0,0,9,0,0,9,0,0,9,0,0,9,0,0,9,0,0,9,0,0,9,0,0,9,0,0,9,0,0,9,0,0,9,0,0,9,0,0,9,0,0,9,0,0,9,0,0,9,0,0,9,0,0,9,0,0,9,0,0,9,0,0,9,0,0,9,0,0,9,0,0,9,0,0,9,0,0,9,0,0,9,0,0,9,0,0,9,0,0,9,0,0,9,0,0,9,0,0,9,0,0,9,0,0,9,0,0,9,0,0,9,0,0,9,0,0,9,0,0,9,0,0,0
69,9,0,0,9,0,0,9,0,0,9,0,0,9,0,0,9,0,0,9,0,0,9,0,0,9,0,0,9,0,0,9,0,0,9,0,0,9,0,0,9,0,0,9,0,0,9,0,0,9,0,0,9,0,0,9,0,0,9,0,0,9,0,0,9,0,0,9,0,0,9,0,0,9,0,0,9,0,0,9,0,0,9,0,0,9,0,0,9,0,0,9,0,0,9,0,0,9,0,0,9,0,0,9,0,0,9,0,0,9,0,0,9,0,0,9,0,0,9,0,0,9,0,0,9,0,0,9,0,0,9,0,0,9,0,0,9,0,0,9,0,0,9,0,0,9,0,0,9,0,0,0
70,9,0,0,9,0,0,9,0,0,9,0,0,9,0,0,9,0,0,9,0,0,9,0,0,9,0,0,9,0,0,9,0,0,9,0,0,9,0,0,9,0,0,9,0,0,9,0,0,9,0,0,9,0,0,9,0,0,9,0,0,9,0,0,9,0,0,9,0,0,9,0,0,9,0,0,9,0,0,9,0,0,9,0,0,9,0,0,9,0,0,9,0,0,9,0,0,9,0,0,9,0,0,9,0,0,9,0,0,9,0,0,9,0,0,9,0,0,9,0,0,9,0,0,9,0,0,9,0,0,9,0,0,9,0,0,9,0,0,9,0,0,9,0,0,9,0,0,9,0,0,0
71,9,0,0,9,0,0,9,0,0,9,0,0,9,0,0,9,0,0,9,0,0,9,0,0,9,0,0,9,0,0,9,0,0,9,0,0,9,0,0,9,0,0,9,0,0,9,0,0,9,0,0,9,0,0,9,0,0,9,0,0,9,0,0,9,0,0,9,0,0,9,0,0,9,0,0,9,0,0,9,0,0,9,0,0,9,0,0,9,0,0,9,0,0,9,0,0,9,0,0,9,0,0,9,0,0,9,0,0,9,0,0,9,0,0,9,0,0,9,0,0,9,0,0,9,0,0,9,0,0,9,0,0,9,0,0,9,0,0,9,0,0,9,0,0,9,0,0,9,0,0,0
72,9,0,0,9,0,0,9,0,0,9,0,0,9,0,0,9,0,0,9,0,0,9,0,0,9,0,0,9,0,0,9,0,0,9,0,0,9,0,0,9,0,0,9,0,0,9,0,0,9,0,0,9,0,0,9,0,0,9,0,0,9,0,0,9,0,0,9,0,0,9,0,0,9,0,0,9,0,0,9,0,0,9,0,0,9,0,0,9,0,0,9,0,0,9,0,0,9,0,0,9,0,0,9,0,0,9,0,0,9,0,0,9,0,0,9,0,0,9,0,0,9,0,0,9,0,0,9,0,0,9,0,0,9,0,0,9,0,0,9,0,0,9,0,0,9,0,0,9,0,0,0
73,9,0,0,9,0,0,9,0,0,9,0,0,9,0,0,9,0,0,9,0,0,9,0,0,9,0,0,9,0,0,9,0,0,9,0,0,9,0,0,9,0,0,9,0,0,9,0,0,9,0,0,9,0,0,9,0,0,9,0,0,9,0,0,9,0,0,9,0,0,9,0,0,9,0,0,9,0,0,9,0,0,9,0,0,9,0,0,9,0,0,9,0,0,9,0,0,9,0,0,9,0,0,9,0,0,9,0,0,9,0,0,9,0,0,9,0,0,9,0,0,9,0,0,9,0,0,9,0,0,9,0,0,9,0,0,9,0,0,9,0,0,9,0,0,9,0,0,9,0,0,0
74,9,0,0,9,0,0,9,0,0,9,0,0,9,0,0,9,0,0,9,0,0,9,0,0,9,0,0,9,0,0,9,0,0,9,0,0,9,0,0,9,0,0,9,0,0,9,0,0,9,0,0,9,0,0,9,0,0,9,0,0,9,0,0,9,0,0,9,0,0,9,0,0,9,0,0,9,0,0,9,0,0,9,0,0,9,0,0,9,0,0,9,0,0,9,0,0,9,0,0,9,0,0,9,0,0,9,0,0,9,0,0,9,0,0,9,0,0,9,0,0,9,0,0,9,0,0,9,0,0,9,0,0,9,0,0,9,0,0,9,0,0,9,0,0,9,0,0,9,0,0,0
75,9,0,0,9,0,0,9,0,0,9,0,0,9,0,0,9,0,0,9,0,0,9,0,0,9,0,0,9,0,0,9,0,0,9,0,0,9,0,0,9,0,0,9,0,0,9,0,0,9,0,0,9,0,0,9,0,0,9,0,0,9,0,0,9,0,0,9,0,0,9,0,0,9,0,0,9,0,0,9,0,0,9,0,0,9,0,0,9,0,0,9,0,0,9,0,0,9,0,0,9,0,0,9,0,0,9,0,0,9,0,0,9,0,0,9,0,0,9,0,0,9,0,0,9,0,0,9,0,0,9,0,0,9,0,0,9,0,0,9,0,0,9,0,0,9,0,0,9,0,0,0
76,9,0,0,9,0,0,9,0,0,9,0,0,9,0,0,9,0,0,9,0,0,9,0,0,9,0,0,9,0,0,9,0,0,9,0,0,9,0,0,9,0,0,9,0,0,9,0,0,9,0,0,9,0,0,9,0,0,9,0,0,9,0,0,9,0,0,9,0,0,9,0,0,9,0,0,9,0,0,9,0,0,9,0,0,9,0,0,9,0,0,9,0,0,9,0,0,9,0,0,9,0,0,9,0,0,9,0,0,9,0,0,9,0,0,9,0,0,9,0,0,9,0,0,9,0,0,9,0,0,9,0,0,9,0,0,9,0,0,9,0,0,9,0,0,9,0,0,9,0,0,0
77,9,0,0,9,0,0,9,0,0,9,0,0,9,0,0,9,0,0,9,0,0,9,0,0,9,0,0,9,0,0,9,0,0,9,0,0,9,0,0,9,0,0,9,0,0,9,0,0,9,0,0,9,0,0,9,0,0,9,0,0,9,0,0,9,0,0,9,0,0,9,0,0,9,0,0,9,0,0,9,0,0,9,0,0,9,0,0,9,0,0,9,0,0,9,0,0,9,0,0,9,0,0,9,0,0,9,0,0,9,0,0,9,0,0,9,0,0,9,0,0,9,0,0,9,0,0,9,0,0,9,0,0,9,0,0,9,0,0,9,0,0,9,0,0,9,0,0,9,0,0,0
78,9,0,0,9,0,0,9,0,0,9,0,0,9,0,0,9,0,0,9,0,0,9,0,0,9,0,0,9,0,0,9,0,0,9,0,0,9,0,0,9,0,0,9,0,0,9,0,0,9,0,0,9,0,0,9,0,0,9,0,0,9,0,0,9,0,0,9,0,0,9,0,0,9,0,0,9,0,0,9,0,0,9,0,0,9,0,0,9,0,0,9,0,0,9,0,0,9,0,0,9,0,0,9,0,0,9,0,0,9,0,0,9,0,0,9,0,0,9,0,0,9,0,0,9,0,0,9,0,0,9,0,0,9,0,0,9,0,0,9,0,0,9,0,0,9,0,0,9,0,0,0
79,9,0,0,9,0,0,9,0,0,9,0,0,9,0,0,9,0,0,9,0,0,9,0,0,9,0,0,9,0,0,9,0,0,9,0,0,9,0,0,9,0,0,9,0,0,9,0,0,9,0,0,9,0,0,9,0,0,9,0,0,9,0,0,9,0,0,9,0,0,9,0,0,9,0,0,9,0,0,9,0,0,9,0,0,9,0,0,9,0,0,9,0,0,9,0,0,9,0,0,9,0,0,9,0,0,9,0,0,9,0,0,9,0,0,9,0,0,9,0,0,9,0,0,9,0,0,9,0,0,9,0,0,9,0,0,9,0,0,9,0,0,9,0,0,9,0,0,9,0,0,0
80,9,0,0,9,0,0,9,0,0,9,0,0,9,0,0,9,0,0,9,0,0,9,0,0,9,0,0,9,0,0,9,0,0,9,0,0,9,0,0,9,0,0,9,0,0,9,0,0,9,0,0,9,0,0,9,0,0,9,0,0,9,0,0,9,0,0,9,0,0,9,0,0,9,0,0,9,0,0,9,0,0,9,0,0,9,0,0,9,0,0,9,0,0,9,0,0,9,0,0,9,0,0,9,0,0,9,0,0,9,0,0,9,0,0,9,0,0,9,0,0,9,0,0,9,0,0,9,0,0,9,0,0,9,0,0,9,0,0,9,0,0,9,0,0,9,0,0,9,0,0,0
81,9,0,0,9,0,0,9,0,0,9,0,0,9,0,0,9,0,0,9,0,0,9,0,0,9,0,0,9,0,0,9,0,0,9,0,0,9,0,0,9,0,0,9,0,0,9,0,0,9,0,0,9,0,0,9,0,0,9,0,0,9,0,0,9,0,0,9,0,0,9,0,0,9,0,0,9,0,0,9,0,0,9,0,0,9,0,0,9,0,0,9,0,0,9,0,0,9,0,0,9,0,0,9,0,0,9,0,0,9,0,0,9,0,0,9,0,0,9,0,0,9,0,0,9,0,0,9,0,0,9,0,0,9,0,0,9,0,0,9,0,0,9,0,0,9,0,0,9,0,0,0
82,9,0,0,9,0,0,9,0,0,9,0,0,9,0,0,9,0,0,9,0,0,9,0,0,9,0,0,9,0,0,9,0,0,9,0,0,9,0,0,9,0,0,9,0,0,9,0,0,9,0,0,9,0,0,9,0,0,9,0,0,9,0,0,9,0,0,9,0,0,9,0,0,9,0,0,9,0,0,9,0,0,9,0,0,9,0,0,9,0,0,9,0,0,9,0,0,9,0,0,9,0,0,9,0,0,9,0,0,9,0,0,9,0,0,9,0,0,9,0,0,9,0,0,9,0,0,9,0,0,9,0,0,9,0,0,9,0,0,9,0,0,9,0,0,9,0,0,9,0,0,0
83,9,0,0,9,0,0,9,0,0,9,0,0,9,0,0,9,0,0,9,0,0,9,0,0,9,0,0,9,0,0,9,0,0,9,0,0,9,0,0,9,0,0,9,0,0,9,0,0,9,0,0,9,0,0,9,0,0,9,0,0,9,0,0,9,0,0,9,0,0,9,0,0,9,0,0,9,0,0,9,0,0,9,0,0,9,0,0,9,0,0,9,0,0,9,0,0,9,0,0,9,0,0,9,0,0,9,0,0,9,0,0,9,0,0,9,0,0,9,0,0,9,0,0,9,0,0,9,0,0,9,0,0,9,0,0,9,0,0,9,0,0,9,0,0,9,0,0,9,0,0,0
84,9,0,0,9,0,0,9,0,0,9,0,0,9,0,0,9,0,0,9,0,0,9,0,0,9,0,0,9,0,0,9,0,0,9,0,0,9,0,0,9,0,0,9,0,0,9,0,0,9,0,0,9,0,0,9,0,0,9,0,0,9,0,0,9,0,0,9,0,0,9,0,0,9,0,0,9,0,0,9,0,0,9,0,0,9,0,0,9,0,0,9,0,0,9,0,0,9,0,0,9,0,0,9,0,0,9,0,0,9,0,0,9,0,0,9,0,0,9,0,0,9,0,0,9,0,0,9,0,0,9,0,0,9,0,0,9,0,0,9,0,0,9,0,0,9,0,0,9,0,0,0
85,9,0,0,9,0,0,9,0,0,9,0,0,9,0,0,9,0,0,9,0,0,9,0,0,9,0,0,9,0,0,9,0,0,9,0,0,9,0,0,9,0,0,9,0,0,9,0,0,9,0,0,9,0,0,9,0,0,9,0,0,9,0,0,9,0,0,9,0,0,9,0,0,9,0,0,9,0,0,9,0,0,9,0,0,9,0,0,9,0,0,9,0,0,9,0,0,9,0,0,9,0,0,9,0,0,9,0,0,9,0,0,9,0,0,9,0,0,9,0,0,9,0,0,9,0,0,9,0,0,9,0,0,9,0,0,9,0,0,9,0,0,9,0,0,9,0,0,9,0,0,0
86,9,0,0,9,0,0,9,0,0,9,0,0,9,0,0,9,0,0,9,0,0,9,0,0,9,0,0,9,0,0,9,0,0,9,0,0,9,0,0,9,0,0,9,0,0,9,0,0,9,0,0,9,0,0,9,0,0,9,0,0,9,0,0,9,0,0,9,0,0,9,0,0,9,0,0,9,0,0,9,0,0,9,0,0,9,0,0,9,0,0,9,0,0,9,0,0,9,0,0,9,0,0,9,0,0,9,0,0,9,0,0,9,0,0,9,0,0,9,0,0,9,0,0,9,0,0,9,0,0,9,0,0,9,0,0,9,0,0,9,0,0,9,0,0,9,0,0,9,0,0,0
87,9,0,0,9,0,0,9,0,0,9,0,0,9,0,0,9,0,0,9,0,0,9,0,0,9,0,0,9,0,0,9,0,0,9,0,0,9,0,0,9,0,0,9,0,0,9,0,0,9,0,0,9,0,0,9,0,0,9,0,0,9,0,0,9,0,0,9,0,0,9,0,0,9,0,0,9,0,0,9,0,0,9,0,0,9,0,0,9,0,0,9,0,0,9,0,0,9,0,0,9,0,0,9,0,0,9,0,0,9,0,0,9,0,0,9,0,0,9,0,0,9,0,0,9,0,0,9,0,0,9,0,0,9,0,0,9,0,0,9,0,0,9,0,0,9,0,0,9,0,0,0
88,9,0,0,9,0,0,9,0,0,9,0,0,9,0,0,9,0,0,9,0,0,9,0,0,9,0,0,9,0,0,9,0,0,9,0,0,9,0,0,9,0,0,9,0,0,9,0,0,9,0,0,9,0,0,9,0,0,9,0,0,9,0,0,9,0,0,9,0,0,9,0,0,9,0,0,9,0,0,9,0,0,9,0,0,9,0,0,9,0,0,9,0,0,9,0,0,9,0,0,9,0,0,9,0,0,9,0,0,9,0,0,9,0,0,9,0,0,9,0,0,9,0,0,9,0,0,9,0,0,9,0,0,9,0,0,9,0,0,9,0,0,9,0,0,9,0,0,9,0,0,0
89,9,0,0,9,0,0,9,0,0,9,0,0,9,0,0,9,0,0,9,0,0,9,0,0,9,0,0,9,0,0,9,0,0,9,0,0,9,0,0,9,0,0,9,0,0,9,0,0,9,0,0,9,0,0,9,0,0,9,0,0,9,0,0,9,0,0,9,0,0,9,0,0,9,0,0,9,0,0,9,0,0,9,0,0,9,0,0,9,0,0,9,0,0,9,0,0,9,0,0,9,0,0,9,0,0,9,0,0,9,0,0,9,0,0,9,0,0,9,0,0,9,0,0,9,0,0,9,0,0,9,0,0,9,0,0,9,0,0,9,0,0,9,0,0,9,0,0,9,0,0,0
90,9,0,0,9,0,0,9,0,0,9,0,0,9,0,0,9,0,0,9,0,0,9,0,0,9,0,0,9,0,0,9,0,0,9,0,0,9,0,0,9,0,0,9,0,0,9,0,0,9,0,0,9,0,0,9,0,0,9,0,0,9,0,0,9,0,0,9,0,0,9,0,0,9,0,0,9,0,0,9,0,0,9,0,0,9,0,0,9,0,0,9,0,0,9,0,0,9,0,0,9,0,0,9,0,0,9,0,0,9,0,0,9,0,0,9,0,0,9,0,0,9,0,0,9,0,0,9,0,0,9,0,0,9,0,0,9,0,0,9,0,0,9,0,0,9,0,0,9,0,0,0
91,9,0,0,9,0,0,9,0,0,9,0,0,9,0,0,9,0,0,9,0,0,9,0,0,9,0,0,9,0,0,9,0,0,9,0,0,9,0,0,9,0,0,9,0,0,9,0,0,9,0,0,9,0,0,9,0,0,9,0,0,9,0,0,9,0,0,9,0,0,9,0,0,9,0,0,9,0,0,9,0,0,9,0,0,9,0,0,9,0,0,9,0,0,9,0,0,9,0,0,9,0,0,9,0,0,9,0,0,9,0,0,9,0,0,9,0,0,9,0,0,9,0,0,9,0,0,9,0,0,9,0,0,9,0,0,9,0,0,9,0,0,9,0,0,9,0,0,9,0,0,0
92,9,0,0,9,0,0,9,0,0,9,0,0,9,0,0,9,0,0,9,0,0,9,0,0,9,0,0,9,0,0,9,0,0,9,0,0,9,0,0,9,0,0,9,0,0,9,0,0,9,0,0,9,0,0,9,0,0,9,0,0,9,0,0,9,0,0,9,0,0,9,0,0,9,0,0,9,0,0,9,0,0,9,0,0,9,0,0,9,0,0,9,0,0,9,0,0,9,0,0,9,0,0,9,0,0,9,0,0,9,0,0,9,0,0,9,0,0,9,0,0,9,0,0,9,0,0,9,0,0,9,0,0,9,0,0,9,0,0,9,0,0,9,0,0,9,0,0,9,0,0,0
93,9,0,0,9,0,0,9,0,0,9,0,0,9,0,0,9,0,0,9,0,0,9,0,0,9,0,0,9,0,0,9,0,0,9,0,0,9,0,0,9,0,0,9,0,0,9,0,0,9,0,0,9,0,0,9,0,0,9,0,0,9,0,0,9,0,0,9,0,0,9,0,0,9,0,0,9,0,0,9,0,0,9,0,0,9,0,0,9,0,0,9,0,0,9,0,0,9,0,0,9,0,0,9,0,0,9,0,0,9,0,0,9,0,0,9,0,0,9,0,0,9,0,0,9,0,0,9,0,0,9,0,0,9,0,0,9,0,0,9,0,0,9,0,0,9,0,0,9,0,0,0
94,9,0,0,9,0,0,9,0,0,9,0,0,9,0,0,9,0,0,9,0,0,9,0,0,9,0,0,9,0,0,9,0,0,9,0,0,9,0,0,9,0,0,9,0,0,9,0,0,9,0,0,9,0,0,9,0,0,9,0,0,9,0,0,9,0,0,9,0,0,9,0,0,9,0,0,9,0,0,9,0,0,9,0,0,9,0,0,9,0,0,9,0,0,9,0,0,9,0,0,9,0,0,9,0,0,9,0,0,9,0,0,9,0,0,9,0,0,9,0,0,9,0,0,9,0,0,9,0,0,9,0,0,9,0,0,9,0,0,9,0,0,9,0,0,9,0,0,9,0,0,0
95,9,0,0,9,0,0,9,0,0,9,0,0,9,0,0,9,0,0,9,0,0,9,0,0,9,0,0,9,0,0,9,0,0,9,0,0,9,0,0,9,0,0,9,0,0,9,0,0,9,0,0,9,0,0,9,0,0,9,0,0,9,0,0,9,0,0,9,0,0,9,0,0,9,0,0,9,0,0,9,0,0,9,0,0,9,0,0,9,0,0,9,0,0,9,0,0,9,0,0,9,0,0,9,0,0,9,0,0,9,0,0,9,0,0,9,0,0,9,0,0,9,0,0,9,0,0,9,0,0,9,0,0,9,0,0,9,0,0,9,0,0,9,0,0,9,0,0,9,0,0,0
96,9,0,0,9,0,0,9,0,0,9,0,0,9,0,0,9,0,0,9,0,0,9,0,0,9,0,0,9,0,0,9,0,0,9,0,0,9,0,0,9,0,0,9,0,0,9,0,0,9,0,0,9,0,0,9,0,0,9,0,0,9,0,0,9,0,0,9,0,0,9,0,0,9,0,0,9,0,0,9,0,0,9,0,0,9,0,0,9,0,0,9,0,0,9,0,0,9,0,0,9,0,0,9,0,0,9,0,0,9,0,0,9,0,0,9,0,0,9,0,0,9,0,0,9,0,0,9,0,0,9,0,0,9,0,0,9,0,0,9,0,0,9,0,0,9,0,0,9,0,0,0
97,9,0,0,9,0,0,9,0,0,9,0,0,9,0,0,9,0,0,9,0,0,9,0,0,9,0,0,9,0,0,9,0,0,9,0,0,9,0,0,9,0,0,9,0,0,9,0,0,9,0,0,9,0,0,9,0,0,9,0,0,9,0,0,9,0,0,9,0,0,9,0,0,9,0,0,9,0,0,9,0,0,9,0,0,9,0,0,9,0,0,9,0,0,9,0,0,9,0,0,9,0,0,9,0,0,9,0,0,9,0,0,9,0,0,9,0,0,9,0,0,9,0,0,9,0,0,9,0,0,9,0,0,9,0,0,9,0,0,9,0,0,9,0,0,9,0,0,9,0,0,0
98,9,0,0,9,0,0,9,0,0,9,0,0,9,0,0,9,0,0,9,0,0,9,0,0,9,0,0,9,0,0,9,0,0,9,0,0,9,0,0,9,0,0,9,0,0,9,0,0,9,0,0,9,0,0,9,0,0,9,0,0,9,0,0,9,0,0,9,0,0,9,0,0,9,0,0,9,0,0,9,0,0,9,0,0,9,0,0,9,0,0,9,0,0,9,0,0,9,0,0,9,0,0,9,0,0,9,0,0,9,0,0,9,0,0,9,0,0,9,0,0,9,0,0,9,0,0,9,0,0,9,0,0,9,0,0,9,0,0,9,0,0,9,0,0,9,0,0,9,0,0,0
99,9,0,0,9,0,0,9,0,0,9,0,0,9,0,0,9,0,0,9,0,0,9,0,0,9,0,0,9,0,0,9,0,0,9,0,0,9,0,0,9,0,0,9,0,0,9,0,0,9,0,0,9,0,0,9,0,0,9,0,0,9,0,0,9,0,0,9,0,0,9,0,0,9,0,0,9,0,0,9,0,0,9,0,0,9,0,0,9,0,0,9,0,0,9,0,0,9,0,0,9,0,0,9,0,0,9,0,0,9,0,0,9,0,0,9,0,0,9,0,0,9,0,0,9,0,0,9,0,0,9,0,0,9,0,0,9,0,0,9,0,0,9,0,0,9,0,0,9,0,0,0
100,9,0,0,9,0,0,9,0,0,9,0,0,9,0,0,9,0,0,9,0,0,9,0,0,9,0,0,9,0,0,9,0,0,9,0,0,9,0,0,9,0,0,9,0,0,9,0,0,9,0,0,9,0,0,9,0,0,9,0,0,9,0,0,9,0,0,9,0,0,9,0,0,9,0,0,9,0,0,9,0,0,9,0,0,9,0,0,9,0,0,9,0,0,9,0,0,9,0,0,9,0,0,9,0,0,9,0,0,9,0,0,9,0,0,9,0,0,9,0,0,9,0,0,9,0,0,9,0,0,9,0,0,9,0,0,9,0,0,9,0,0,9,0,0,9,0,0,9,0,0,0
101,9,0,0,9,0,0,9,0,0,9,0,0,9,0,0,9,0,0,9,0,0,9,0,0,9,0,0,9,0,0,9,0,0,9,0,0,9,0,0,9,0,0,9,0,0,9,0,0,9,0,0,9,0,0,9,0,0,9,0,0,9,0,0,9,0,0,9,0,0,9,0,0,9,0,0,9,0,0,9,0,0,9,0,0,9,0,0,9,0,0,9,0,0,9,0,0,9,0,0,9,0,0,9,0,0,9,0,0,9,0,0,9,0,0,9,0,0,9,0,0,9,0,0,9,0,0,9,0,0,9,0,0,9,0,0,9,0,0,9,0,0,9,0,0,9,0,0,9,0,0,0
102,9,0,0,9,0,0,9,0,0,9,0,0,9,0,0,9,0,0,9,0,0,9,0,0,9,0,0,9,0,0,9,0,0,9,0,0,9,0,0,9,0,0,9,0,0,9,0,0,9,0,0,9,0,0,9,0,0,9,0,0,9,0,0,9,0,0,9,0,0,9,0,0,9,0,0,9,0,0,9,0,0,9,0,0,9,0,0,9,0,0,9,0,0,9,0,0,9,0,0,9,0,0,9,0,0,9,0,0,9,0,0,9,0,0,9,0,0,9,0,0,9,0,0,9,0,0,9,0,0,9,0,0,9,0,0,9,0,0,9,0,0,9,0,0,9,0,0,9,0,0,0
103,9,0,0,9,0,0,9,0,0,9,0,0,9,0,0,9,0,0,9,0,0,9,0,0,9,0,0,9,0,0,9,0,0,9,0,0,9,0,0,9,0,0,9,0,0,9,0,0,9,0,0,9,0,0,9,0,0,9,0,0,9,0,0,9,0,0,9,0,0,9,0,0,9,0,0,9,0,0,9,0,0,9,0,0,9,0,0,9,0,0,9,0,0,9,0,0,9,0,0,9,0,0,9,0,0,9,0,0,9,0,0,9,0,0,9,0,0,9,0,0,9,0,0,9,0,0,9,0,0,9,0,0,9,0,0,9,0,0,9,0,0,9,0,0,9,0,0,9,0,0,0
104,9,0,0,9,0,0,9,0,0,9,0,0,9,0,0,9,0,0,9,0,0,9,0,0,9,0,0,9,0,0,9,0,0,9,0,0,9,0,0,9,0,0,9,0,0,9,0,0,9,0,0,9,0,0,9,0,0,9,0,0,9,0,0,9,0,0,9,0,0,9,0,0,9,0,0,9,0,0,9,0,0,9,0,0,9,0,0,9,0,0,9,0,0,9,0,0,9,0,0,9,0,0,9,0,0,9,0,0,9,0,0,9,0,0,9,0,0,9,0,0,9,0,0,9,0,0,9,0,0,9,0,0,9,0,0,9,0,0,9,0,0,9,0,0,9,0,0,9,0,0,0
105,9,0,0,9,0,0,9,0,0,9,0,0,9,0,0,9,0,0,9,0,0,9,0,0,9,0,0,9,0,0,9,0,0,9,0,0,9,0,0,9,0,0,9,0,0,9,0,0,9,0,0,9,0,0,9,0,0,9,0,0,9,0,0,9,0,0,9,0,0,9,0,0,9,0,0,9,0,0,9,0,0,9,0,0,9,0,0,9,0,0,9,0,0,9,0,0,9,0,0,9,0,0,9,0,0,9,0,0,9,0,0,9,0,0,9,0,0,9,0,0,9,0,0,9,0,0,9,0,0,9,0,0,9,0,0,9,0,0,9,0,0,9,0,0,9,0,0,9,0,0,0
106,9,0,0,9,0,0,9,0,0,9,0,0,9,0,0,9,0,0,9,0,0,9,0,0,9,0,0,9,0,0,9,0,0,9,0,0,9,0,0,9,0,0,9,0,0,9,0,0,9,0,0,9,0,0,9,0,0,9,0,0,9,0,0,9,0,0,9,0,0,9,0,0,9,0,0,9,0,0,9,0,0,9,0,0,9,0,0,9,0,0,9,0,0,9,0,0,9,0,0,9,0,0,9,0,0,9,0,0,9,0,0,9,0,0,9,0,0,9,0,0,9,0,0,9,0,0,9,0,0,9,0,0,9,0,0,9,0,0,9,0,0,9,0,0,9,0,0,9,0,0,0
107,9,0,0,9,0,0,9,0,0,9,0,0,9,0,0,9,0,0,9,0,0,9,0,0,9,0,0,9,0,0,9,0,0,9,0,0,9,0,0,9,0,0,9,0,0,9,0,0,9,0,0,9,0,0,9,0,0,9,0,0,9,0,0,9,0,0,9,0,0,9,0,0,9,0,0,9,0,0,9,0,0,9,0,0,9,0,0,9,0,0,9,0,0,9,0,0,9,0,0,9,0,0,9,0,0,9,0,0,9,0,0,9,0,0,9,0,0,9,0,0,9,0,0,9,0,0,9,0,0,9,0,0,9,0,0,9,0,0,9,0,0,9,0,0,9,0,0,9,0,0,0
108,9,0,0,9,0,0,9,0,0,9,0,0,9,0,0,9,0,0,9,0,0,9,0,0,9,0,0,9,0,0,9,0,0,9,0,0,9,0,0,9,0,0,9,0,0,9,0,0,9,0,0,9,0,0,9,0,0,9,0,0,9,0,0,9,0,0,9,0,0,9,0,0,9,0,0,9,0,0,9,0,0,9,0,0,9,0,0,9,0,0,9,0,0,9,0,0,9,0,0,9,0,0,9,0,0,9,0,0,9,0,0,9,0,0,9,0,0,9,0,0,9,0,0,9,0,0,9,0,0,9,0,0,9,0,0,9,0,0,9,0,0,9,0,0,9,0,0,9,0,0,0
109,9,0,0,9,0,0,9,0,0,9,0,0,9,0,0,9,0,0,9,0,0,9,0,0,9,0,0,9,0,0,9,0,0,9,0,0,9,0,0,9,0,0,9,0,0,9,0,0,9,0,0,9,0,0,9,0,0,9,0,0,9,0,0,9,0,0,9,0,0,9,0,0,9,0,0,9,0,0,9,0,0,9,0,0,9,0,0,9,0,0,9,0,0,9,0,0,9,0,0,9,0,0,9,0,0,9,0,0,9,0,0,9,0,0,9,0,0,9,0,0,9,0,0,9,0,0,9,0,0,9,0,0,9,0,0,9,0,0,9,0,0,9,0,0,9,0,0,9,0,0,0